[{"id": 0, "img_name": "DSCF5574.JPG", "width": 699, "height": 461, "position": [-3.1775610156704994, -0.6488322703688938, 0.8267110914524215], "rotation": [[0.731980353288282, -0.5099307735964568, 0.4518576861571361], [0.5295472039990068, 0.8430983104646179, 0.093621566044053], [-0.42870096936768876, 0.17075082732164407, 0.8871638145416989]], "fy": 1185.9601910983506, "fx": 1188.0533973507925}, {"id": 1, "img_name": "DSCF5575.JPG", "width": 699, "height": 461, "position": [-3.124424844636979, -0.6700490980339319, 0.8298604635620584], "rotation": [[0.7902572483765641, -0.4495171714744266, 0.41644662795841253], [0.459774930455188, 0.8842429803130126, 0.08198393191405337], [-0.4050931926276084, 0.1266833229623853, 0.905456150771521]], "fy": 1185.9601910983506, "fx": 1188.0533973507925}, {"id": 2, "img_name": "DSCF5597.JPG", "width": 699, "height": 461, "position": [6.301985847759219, 1.3188813412650062, -1.6565715618172359], "rotation": [[0.9913689116039703, -0.12590890140573768, -0.03653258342848616], [0.12492179221500913, 0.9917669301052188, -0.028158518772479196], [0.039777216279538195, 0.023351764311721833, 0.9989356676826493]], "fy": 1185.9601910983506, "fx": 1188.0533973507925}]